%YAML:1.0
---
K: !!opencv-matrix
   rows: 3
   cols: 3
   dt: d
   data: [ 6.6641798044286293e+02, 0., 9.0419183467790060e+02, 0.,
       6.6608802213811634e+02, 6.0512860820340029e+02, 0., 0., 1. ]
D: !!opencv-matrix
   rows: 1
   cols: 5
   dt: d
   data: [ -2.1375259843272990e-01, 5.6701122001934744e-02,
       -9.2124038455072214e-04, -8.0112542700784149e-04,
       -7.9829982087668370e-03 ]
